3.733906527463027626e-03 2.171021128251301655e-02 2.940472057651750959e-02 1.553351045697858902e-02 2.049467193569607867e-02 -5.900249983288093081e-03 1.260715675879594839e-03 -2.949857272308235162e-03 1.625006610266678531e-02 -3.545032740085364564e-02 2.908109387843123284e-02 1.788788235622707293e-02 -3.797320349903162296e-03 9.260852218458629631e-03 -4.770069489309951977e-03 -3.153971254146930442e-02 -3.748862304503833547e-03 -2.977464217755275075e-02 2.138342670056963407e-02 1.624792031452547414e-02 -2.054698325548234839e-02 -2.117567561118031613e-02 1.628563908876855260e-02 1.723533001378419610e-02 -6.618473776723561922e-03 -1.192775007675259298e-02 2.208138207971750006e-02 -1.780886995482942534e-02 -6.989880977579221097e-03 -6.567761955589346452e-03 2.374296546997778021e-02 5.699530711926967426e-03 -6.020760914047827012e-02 -1.784589061101366642e-02 -1.392829526415489787e-02 7.669217839781973869e-03 3.168780324237940697e-03 5.235779268884331768e-03 3.679861974800568373e-03 2.396448882679974579e-02 -8.858066519239845074e-03 5.211704567030316093e-03 -1.486130976068190251e-03 -1.158043413107991484e-02 3.004266122739430653e-02 1.026768355070722082e-02 2.003825001871212697e-03 -2.500038565266963012e-02 -1.646948839944201853e-02 -2.737690858357257756e-02 -4.966876360221667702e-02 5.489682777199920429e-05 -1.523715848119510871e-02 2.322083391203108929e-02 -1.533703139637124756e-02 -3.513679986529155697e-02 2.645164265870096273e-02 -1.483547888692635314e-03 3.606463045491343361e-02 -3.506204524357982451e-04 -5.119896862711024663e-03 3.772530807151314863e-02 3.132132193302442080e-02 -2.979818746307561980e-02
-2.188911045174476988e-03 1.628793367732945391e-02 1.873617798598878337e-02 8.598981645143855337e-03 2.249830497444497632e-02 -6.685791592630318039e-03 -1.708772578067553789e-03 -4.001517260265262041e-03 3.032561659492784972e-02 -3.299848839804010031e-02 3.306515698819662702e-02 8.572572190822639465e-03 -6.361741513107161544e-03 2.145369355747575243e-02 1.033448219275415365e-02 -2.374840909741233325e-02 -1.888076464607957305e-02 -4.155164674708903411e-02 2.370094600547991565e-02 2.954051939391804868e-02 -3.395278220357453042e-03 1.324735790954447399e-03 2.186398812145205414e-02 1.060462849883322218e-03 -2.683250581846583285e-02 -1.437244027666922074e-02 3.323204987157691442e-02 -5.935112100214402081e-03 7.135262199568554245e-03 5.009920441799072324e-03 8.673479559035607300e-03 1.873760388084352857e-02 -5.921963038365141846e-02 -1.827128092239170901e-02 -1.865805334601618876e-02 1.143646096162216803e-02 5.938089113764324044e-03 1.025627980888401021e-02 1.300880431906285134e-02 1.986564474910813838e-02 -5.808098359821367400e-03 1.450601569093665395e-02 -7.065732791699411673e-03 -1.362653608789968392e-02 2.670356242571340563e-02 2.466775306278003871e-02 -3.472612544756560962e-03 -2.440602381905608229e-02 -1.203437845467682753e-02 -2.199305576761952444e-02 -2.716207529007969024e-02 -8.013052330087856029e-03 1.949124505330793969e-04 3.399792768390640790e-02 -7.956045324786388886e-03 -4.762395428679811610e-02 1.432683905875130684e-02 3.081774905823354924e-03 1.678044414448682034e-02 2.982472909293612420e-04 -2.490001967760526944e-02 3.689936249989411027e-02 1.614587163273065173e-02 -2.941713993977362884e-02
-6.546401184311989585e-03 1.612748097753629803e-02 1.448580202592439879e-02 5.297968395257226376e-03 2.383938981254612316e-02 -4.075859468667423699e-03 -8.894413856259660717e-03 -3.062493607847667065e-03 2.582004358611578523e-02 -5.122302821694425627e-03 1.035007054119334649e-02 8.539260304417354078e-03 2.024958826429575694e-03 2.157442907819422800e-02 1.585792282460248698e-02 -2.186280075664054010e-02 -2.098154966990966545e-03 -4.956818680650646597e-02 3.307392536882374640e-02 2.629054830592933781e-02 1.033689722216330799e-02 -1.224566809760556894e-02 3.335736718145180385e-02 -1.373769488821481415e-02 -3.633603343958195092e-02 -1.168862795079815553e-02 4.238120376762805758e-02 -1.986293601744332834e-03 -1.365356240935121021e-02 8.910569259041394366e-03 -8.065942172294999005e-03 3.347001662513690579e-02 -4.950896372353957159e-02 -1.106622284937542125e-02 -1.169541799094464887e-02 1.188463163973286184e-02 8.366478020939255647e-03 8.128911876864501965e-03 1.222192783308123643e-02 6.038526682229883487e-03 -9.316085872257566514e-03 1.235205122810670644e-02 -5.838917126990357358e-03 -1.594065182530511951e-02 3.110662655838165522e-02 3.206959111262611128e-02 -1.451715267200125344e-02 -3.299511923899876853e-02 -1.224078103216652037e-02 -3.288216730052617720e-02 -3.107053320408719593e-02 -6.434554013379512223e-03 3.579372907383752706e-03 3.145772519148289093e-02 2.700290300473937987e-03 -5.241262863471081446e-02 2.385797081094839789e-02 -1.507888162177761088e-02 -3.312883294886763853e-03 1.352907291036481961e-02 -2.619476019273696624e-02 3.379301032717287046e-02 4.354959507643382105e-02 -3.274568239803977293e-02
-8.037032223363355099e-03 1.418519066399632003e-02 1.191875496795683810e-02 1.169803968827184612e-02 2.424743678167684893e-02 -3.465075475105440419e-03 -1.373308983598196809e-02 -4.561495043956622676e-03 4.448834161890206917e-02 -2.872350205504043547e-03 2.531811388062188526e-04 -3.515840217353652115e-03 -2.307778854189760503e-03 2.767186222642950208e-02 1.289878755277228464e-02 -2.559222975882334550e-02 3.984658015540899594e-03 -3.941701559305454960e-02 3.844955062229048204e-02 1.442642783664486658e-02 1.433514673103655074e-02 -2.749858092060423684e-02 4.183451290301367503e-02 -2.180248721409868990e-03 -3.615971606797985932e-02 -1.267611512227231202e-02 2.209821994590402405e-02 -6.838060082838463491e-03 -1.108083812192232030e-02 -2.325455569010205850e-03 -5.059575021928069787e-03 3.071605946305468876e-02 -3.668014873991512492e-02 -1.269430715853353151e-03 -2.414844417369766544e-02 1.069074637892696369e-02 4.419122149350092343e-03 7.859312447309897698e-03 1.331600470025631061e-02 1.832468853600216626e-03 -5.754054297249011629e-03 1.366978910276993135e-02 1.208010006234213046e-03 -5.697719957311359051e-03 3.800747075070674830e-02 3.222679832410074025e-02 -2.307237036392292828e-02 -3.349755929691239364e-02 -8.981947785275501417e-03 -5.163461323085253435e-02 -1.830119820675304293e-02 -1.429744720553938198e-02 1.479783223724527412e-02 7.116264320365032862e-03 2.246083880901483115e-02 -5.558409982774648039e-02 3.024052150262823355e-02 -9.339012200781406092e-03 1.571805196968122445e-02 4.054734611327819732e-02 -1.198377235276805626e-02 4.014033874951273423e-02 3.057762031880200890e-02 -8.079258495055504155e-03
-9.974505857707278295e-03 1.846336301026164570e-02 4.160577080339573040e-03 4.185461557668510024e-03 1.992133095954441713e-02 -8.424995212136427575e-03 -1.432589873822200099e-02 -7.119478252329653964e-03 4.157197107331417341e-02 -1.568685165239242993e-02 3.193884056481554375e-03 1.362474714935847740e-03 -1.016776623396364355e-02 3.808549355260358593e-02 9.987628943822572311e-03 -3.274193240158983220e-02 -5.813831466474292560e-03 -3.564812038986813619e-02 1.796390825374773528e-02 5.646141626698304716e-03 3.686731800920812346e-02 -2.557052966809520225e-02 4.765144011573604899e-02 -4.607418030738984769e-04 -3.741064152864205516e-02 -1.356569979534451124e-02 2.053354722631661744e-02 -1.114163465154050826e-02 6.453964033222694095e-03 4.447394162220250600e-03 -1.855747378111852544e-02 1.261232911896896340e-02 -3.890608397103973576e-02 7.566629543746255550e-03 7.733910251298840768e-04 2.459841625421086385e-03 5.800254479112927630e-03 8.730018209105653779e-03 1.636474086045871038e-02 8.809258213521527214e-03 -3.388859930527477696e-03 1.512498277297786263e-02 7.120812425786465782e-03 -1.393757716612449918e-02 3.137038870870436508e-02 3.527894333168565127e-02 -4.678756762706032940e-02 -1.444137014185273987e-02 -6.618458757846321094e-03 -4.195662747960603178e-02 -1.102342185363220511e-02 2.094780432981679669e-03 4.582739492042809878e-03 6.414049445941405123e-03 7.794092024030501407e-03 -5.610073464362838602e-02 2.828766947706522206e-02 -6.062196839637636059e-03 2.054416314537974714e-02 1.416251861058112974e-02 -3.073526127843768593e-02 1.200181515701437794e-02 2.985435732128576339e-02 1.663243096478480773e-02
-3.115520946578341412e-03 1.154304819241111502e-02 1.132064014822225899e-02 -1.795823292238052111e-03 1.978148896084241590e-02 -4.420242360622240844e-03 -1.461099728549826796e-02 -6.293650498019893146e-03 4.282109250749392693e-02 -3.502910493851976725e-02 1.270637533370876787e-03 -2.169851499596582838e-03 -1.359649289328470137e-02 3.153341318452951986e-02 8.325905057915470794e-03 -3.133401691666820588e-02 4.736083589032094240e-03 -4.123950609072391665e-02 5.011605646856211529e-03 1.539808546362757095e-02 4.267749112833599950e-02 -3.899831378153863128e-03 3.441730381092819591e-02 2.468914106513856940e-02 -3.743714885036513590e-02 -6.158306170214644139e-03 7.071706438997103945e-03 -9.720165336793895952e-03 -1.681427861861755453e-03 1.335185172505244308e-02 -2.957153262418849016e-02 5.016906684245327729e-03 -2.401634791968388152e-02 1.483417758743664841e-02 -2.226006399515452830e-02 4.001254992216562480e-03 1.208598683524856471e-02 9.391025826124657291e-03 1.147726673021746795e-02 1.262684357298934044e-02 -3.415086785140655952e-03 1.017162324205594243e-02 5.056275014878418425e-04 4.963216230796538460e-03 2.646012340291133830e-02 5.418591542331981092e-02 -3.377381027671689379e-02 -5.327797036238657476e-03 -1.138312465199329930e-02 -3.156396084602202529e-02 -1.300099960410518694e-02 2.609157213996520647e-02 -5.936276407080999865e-03 6.883824620182208733e-03 1.940296531851647480e-02 -4.121641957174534965e-02 2.256794660018930990e-02 1.515302087747121343e-02 1.172710753472604346e-02 1.199621048880934390e-02 5.090470829035020038e-03 7.266358100870044627e-03 4.494265077424936666e-02 2.020530600377756433e-02
1.837773344959174300e-03 1.320611144069322104e-02 -1.839132107677158255e-03 -4.731926916293888868e-03 1.955870952000888022e-02 3.389306227382347242e-03 -1.379960533361827835e-02 1.058669199089925725e-02 4.875402277831263759e-02 -2.274793456279384021e-02 -9.822200089522770822e-03 -8.933116764187985087e-03 -1.046643375216552325e-02 2.183469466017827834e-02 5.423928988452576469e-03 -4.556814606472190526e-02 6.565143512813185860e-03 -2.632369779387775874e-02 5.062769763995340899e-03 9.321779260704663242e-03 1.664316330342051342e-02 9.940213018767771885e-03 1.010220949531442404e-02 3.221870279567587425e-02 -4.271452095860352183e-02 -9.588164954197991169e-03 1.293355274546593991e-02 -1.612515246116838843e-02 -1.875723992332150106e-02 2.244044091079337028e-02 -2.099235470498760428e-02 1.980137007159450332e-02 -1.693086476746560529e-02 -7.251612507394041007e-03 -1.892307348503821651e-02 6.213155450029675571e-03 9.590330761418863065e-03 3.995994547707652778e-03 1.437245723294624383e-02 9.949554229948731274e-03 -4.606884274718897588e-04 1.562218763612047492e-02 9.907567380072238375e-03 8.968427151640612563e-03 2.937117009061488912e-02 5.107357497863911772e-02 -3.698110608286442336e-02 -9.660849485520766819e-03 -3.711735270263483762e-04 -2.393327607194695866e-02 -2.138568018388944253e-02 3.526335110918506210e-02 3.031116207023140750e-03 2.497197493172798044e-02 3.540469314948452295e-02 -1.671662721001493032e-02 1.973681875122462737e-02 -5.850167207606089088e-04 2.302137932639618939e-02 1.240130214718877973e-02 1.790044570618003900e-02 7.527455991051241026e-04 3.465790657865175373e-02 -2.863299374573220236e-03
1.819023314869465261e-03 1.079118098436886684e-02 -9.966301161249477639e-03 -6.629084890595732076e-03 2.131053577710903188e-02 -1.018402975426033414e-03 -6.311184337925423819e-03 9.760491833457915142e-03 5.500946003353621855e-02 -1.333401130280517828e-02 -1.697658185763346525e-02 -1.111553592543174616e-02 -2.484068596145628041e-02 2.989002599312612710e-02 2.307848004494181607e-02 -5.644751307692764258e-02 1.509358447402744594e-02 -2.426699532691011310e-02 1.047907040034196796e-02 1.417566865658082681e-02 5.078578317569017175e-02 3.002159998443605302e-02 1.467897298764285138e-02 3.570117375734498805e-02 -4.127428844323641211e-02 -1.370323843245933350e-02 1.712304245174143050e-02 -3.111738423229748821e-02 -2.388111779745226079e-02 1.829261533146294208e-02 -1.193515063824819068e-02 3.483220503255811135e-03 -3.522959100406352056e-03 -1.324001160638527000e-03 -2.752280473361903151e-02 2.011609808720252190e-02 3.515003096806424039e-03 1.564814731359962657e-02 1.333064404477129344e-02 -9.321830610721791631e-04 3.290043890043965920e-03 1.182633322555458680e-02 -6.032526722170143425e-04 5.423324273983055194e-04 1.141254759354551687e-02 4.190235090172293037e-02 -1.951663152062584755e-02 -6.895379807877305076e-03 1.145693184528317164e-02 6.408926492344823450e-03 -2.572469875821623356e-02 2.907989174051806708e-02 1.224761088985421367e-02 1.774791626089694888e-02 3.255380230179097389e-02 7.730943993620079981e-03 -2.565934375869499771e-03 -1.978045069850046037e-02 1.147315397801845598e-02 2.694185254208504229e-02 1.677733966678327318e-02 -6.763710741057631310e-05 3.206358505042429530e-02 1.798655107714337495e-02
-5.097745849329053149e-03 1.405853239490388248e-02 -1.378788034615812362e-02 -9.227908320831814185e-03 2.188256117235487172e-02 -1.061980999217546724e-03 -1.149722614435324218e-02 1.267402022228476983e-02 4.968038051053139115e-02 -1.465830349847517013e-02 -3.047960470278807468e-02 -1.568138397183745439e-02 -2.164156342616724293e-02 3.905050720316709939e-02 1.112868271077480445e-02 -6.141092320211390815e-02 1.322081634741346934e-02 -4.045322506461574569e-02 1.279494806620830316e-02 1.117822097228364855e-02 3.918079527658641786e-02 5.136940637231688506e-02 1.814807772235261379e-02 4.202141028271522832e-02 -4.142553156996450076e-02 -1.338121306977978556e-02 2.557942163862910942e-02 -2.496654237382545799e-02 -1.616876486488978346e-02 3.192730947261495505e-02 -2.548359295121465501e-02 3.891074625022715016e-03 4.196277492996300894e-03 -5.094208375679758379e-03 -1.844083212506952146e-02 1.195067295272309559e-02 -6.199127293141954310e-04 9.769205440231311030e-03 1.050708991108513859e-02 -3.923028375158847843e-03 5.764394864281261951e-03 1.052190382075203663e-02 -1.414929254704307658e-02 5.131277968352746140e-03 1.172612240779466811e-02 4.748656951256979841e-02 -1.383167096725716923e-02 2.756401894899639105e-03 2.055927880838247235e-02 7.587693754190404094e-03 -5.407420299584771509e-03 2.257099853597335434e-02 1.423480000885843713e-02 3.258720865073917033e-02 4.395796394298524812e-02 4.140386735799981947e-03 -5.919583247104587623e-03 -2.933519070406993140e-02 2.058163225948323252e-02 2.549410917356895179e-02 -2.773781250186780917e-03 -4.408791191948291041e-03 2.493643314119977847e-02 2.520667663452815649e-02
-2.821338128222187699e-03 1.998557234870671287e-02 -9.363404951243901875e-03 -1.328665687165599824e-02 1.520626677038815211e-02 5.654612984035102611e-05 -1.423810339206667622e-02 1.161531283416144394e-02 4.102694004502885350e-02 -2.202758567943345624e-02 -2.927334033546484526e-02 -1.817925148150446174e-02 -2.258685159994058486e-02 3.529670641485230936e-02 5.254342951560984042e-03 -3.514050841256081276e-02 1.087991695596485578e-02 -2.372762336557696777e-02 -1.547280719635406874e-03 1.170393086510227582e-02 2.632135330597207626e-02 5.454615390426133942e-02 2.271484821311680474e-02 5.923554760657390866e-02 -4.783931762069226767e-02 -8.606948080436436707e-03 5.362995087486044192e-03 -5.011727430141232204e-02 -1.835638170104645847e-02 1.150754250205117922e-02 -2.900058658018152269e-02 8.796640129448704895e-03 1.556031452621752659e-02 -1.242470672154943369e-02 3.772447613531485552e-03 5.402434220084267012e-03 -7.439949026176767739e-03 6.845449899192862508e-03 1.572622755540891565e-02 -4.300431032407966460e-03 -2.786502598416018724e-03 5.266705719037752080e-03 -7.671802558563499408e-03 7.541958717849055020e-03 9.510694789444348526e-03 4.550446016202011612e-02 -1.783928448866730840e-02 -4.635649063859245515e-03 1.282650054758471651e-02 -1.721817569726124782e-04 -2.765729178360079067e-03 2.446529430251324910e-02 2.696590058644913676e-02 2.161789163309349796e-02 2.254092061079809861e-02 1.257682908825622815e-02 -1.958067720287074744e-03 -1.589614750113887282e-02 1.001264149937977806e-02 1.577891323065095178e-02 1.382441632651063707e-02 -1.955632538160301942e-02 2.398050540569833522e-02 2.958229667971849428e-02
-3.514913764769524770e-04 2.050537836550975213e-02 -9.027038813460864022e-03 -6.684437122745815786e-03 5.735045480928545499e-03 8.556742183714015348e-03 -7.495220765659007037e-03 1.393258744442904713e-02 3.802556860594517862e-02 4.172510198397331484e-04 -2.318644351164559150e-02 -2.035575405571142180e-02 -1.579628895376236283e-02 3.594717092987262386e-02 6.632538291826751455e-03 -3.177928293171267127e-02 1.550116784092869099e-02 -1.338455530065597344e-02 -7.078140518299732252e-03 2.487143668499080043e-02 -2.316866094726168640e-03 3.030379985948603375e-02 4.115978848813544450e-02 3.848887501402547401e-02 -5.820130067568098087e-02 -3.525967405926965295e-03 4.037665896415800273e-03 -6.967280043601269124e-02 -1.590897066178107583e-02 1.104766320611064341e-02 -2.228760295581672796e-02 1.578251612353768086e-03 1.162833652505450635e-02 -1.473929283301656477e-02 7.793093641903158300e-03 3.090698516463086069e-03 -6.537420305951957729e-03 9.834417869389077901e-03 1.308183560240086876e-02 -1.065396723423094397e-02 1.234870943483282711e-02 2.127600357321121800e-03 -1.205905622892424660e-03 1.497255227853867485e-02 4.444262471552037040e-03 4.875792138753830274e-02 -9.731749393828212705e-03 2.690862547176728001e-03 1.966988444492688212e-02 -4.721406640501068890e-03 2.630816208406703757e-02 8.374166784376111533e-03 3.172275916803894702e-02 3.928272571904932453e-02 2.260377726472305449e-02 4.710358507423283506e-03 -1.624695908108898801e-02 -7.899586452484766777e-03 2.754338414999634235e-02 1.038728168914167076e-02 -1.432035322362085281e-03 -3.178689475383798119e-02 3.940133072700166550e-02 8.222496206223811610e-03
2.451064291624790482e-03 1.508968332422166991e-02 -6.270078624748558552e-03 6.615122093234230422e-03 1.021290487358245992e-03 5.340246943038073728e-03 -4.832506601494733663e-03 6.386041436308060280e-03 2.874956303143367045e-02 -1.316627064847141013e-03 -1.023922891431326872e-02 -2.793034547864971240e-02 -6.479203778778786470e-03 3.301492045810049819e-02 1.646218513529025540e-02 -3.337002462428659104e-03 6.003789902678525504e-03 -3.541680035107103598e-03 -1.739089657404312844e-02 3.829310248830084668e-02 -1.371222461571307630e-02 3.792956488689493144e-02 4.452514554116582951e-02 1.650981203534055905e-02 -3.869964219244921566e-02 -9.938152468898005937e-03 5.753761750369227289e-04 -6.985656709412936538e-02 -7.996590885144981217e-03 1.850219890047457780e-02 -2.278798491753941322e-02 5.428157230647824051e-03 1.305171432966589599e-02 1.302083275713954375e-03 6.966934676506677214e-04 -3.199863153020844099e-03 -1.381463573510781709e-02 9.995341288745509742e-03 9.862914260420999404e-03 -1.709436665398768318e-02 9.622361897682760873e-03 7.712894287979426416e-03 4.966694770278274121e-03 2.442803219246581295e-02 -3.168063582020263624e-03 4.982738554568062750e-02 6.957902628465819500e-03 7.788707013597013021e-03 1.673944709782796553e-02 -1.551114253561405518e-02 9.382310934877624575e-03 1.956100828240931594e-02 3.092095219108247084e-02 3.641964832879917430e-02 1.378929147207862659e-02 1.130776846681767452e-03 -1.650239240881108682e-02 -1.576834167623965277e-02 -1.195333195518050157e-04 1.616937724179792410e-02 4.886120530192375987e-03 -2.731359116677234758e-02 1.970127854479327908e-02 -1.108457393215986179e-02
7.112916822369156657e-03 6.176560897027807279e-03 -1.211174785481886410e-02 4.864496419986533669e-03 -5.887596567662464059e-03 8.545214788028094796e-03 -8.241413585129198083e-03 3.788354933409825414e-03 2.131583766147979522e-02 1.250562168029987695e-02 -3.839574815988272723e-03 -3.186984090009571668e-02 -2.948978996327534033e-03 1.715510087813035267e-02 9.424570182908539179e-03 -3.257618514892589388e-03 1.118766283627773209e-02 -4.051664322032286214e-03 -3.204735006198217162e-02 4.346856394265644769e-02 -9.515599854315149458e-03 3.952203859597421681e-02 3.420592053166117419e-02 -8.822444627205315928e-03 -3.502531432676042611e-02 -9.194646084592158694e-03 -2.646111278125479714e-03 -5.104176283522486590e-02 -5.609155958412598416e-04 1.639551786864891503e-02 -2.590270917296723374e-02 -2.200912330343989757e-03 1.063631019830948293e-02 -8.359901382089574701e-03 1.863804313925269615e-02 -1.150609604236577576e-03 -1.499896644510078161e-02 6.664007119214021037e-03 1.876708802404108978e-02 -1.196203344142227065e-02 2.691459609556112395e-03 -1.935877466919497768e-03 8.647370628351936164e-03 1.575595780220066799e-02 -7.072947287415577884e-03 3.679178191114992197e-02 1.334587215222587248e-02 1.565504157209288844e-02 4.095211232411680689e-03 -1.878943221985216610e-04 6.857193033526525448e-03 1.135863256690733750e-02 1.685897679266462265e-02 2.900849696706547104e-02 1.915075597790259071e-02 2.264638491586176347e-02 -2.016989291048156691e-02 1.071330719359460566e-03 -9.958891784181175821e-03 1.782622576997195188e-02 1.356941102456250478e-02 -2.473006624545683388e-02 -4.868157318744105455e-03 -1.403788292643858536e-02
5.924354027456160340e-03 2.406204613750897656e-03 -1.395780821927449650e-02 1.807792759005639929e-03 -1.579511218148886217e-02 5.769400059568408415e-03 -8.897483713326525753e-03 4.950843617146144862e-03 6.065723017898591758e-03 2.333576017526968124e-02 2.231031325873422937e-03 -2.645272602476812090e-02 1.766335662503093246e-04 3.898574405325998943e-02 1.733628651274456145e-02 7.613166410969622469e-04 3.025194812380013667e-03 1.550740448836294624e-02 -3.162695796085564226e-02 3.016030993032598959e-02 3.863612284853502107e-03 4.149152131012177197e-02 2.167096748821397204e-02 -1.318800162052182097e-02 -2.501514680456471545e-02 -2.510132928806117509e-03 1.976529923130971103e-02 -4.167094224643345945e-02 -3.954339878672620198e-03 2.305717446027422471e-02 -3.354101275541514909e-02 3.109844402854342396e-03 3.356457409289757138e-02 6.289075259583543770e-03 1.388288825987537070e-02 -3.812682516077287205e-03 -5.462978756364673429e-03 1.177683155784486381e-02 1.735432196488252005e-02 -7.164823432206906401e-03 8.899234050852369848e-03 -1.478364367432268359e-02 4.128072112366027065e-03 6.440200295486475657e-03 -1.618201392420377110e-02 2.197742890159372006e-02 1.961486066994331048e-02 1.923470250084651986e-02 -2.790012574391747407e-03 1.590713741327970041e-02 -9.902367480897105584e-03 7.911818212346740167e-03 3.961230452751640478e-03 -5.303147411179514291e-03 1.975399058820930670e-02 1.485904070339036723e-02 -2.364129304605219403e-02 1.692063574546902663e-02 -6.917602082140832456e-03 2.811763063225950279e-02 -8.139856219748612537e-03 -3.582337993809503462e-02 -2.549292315032872930e-02 -1.478789965227251917e-02
6.858277144361477062e-03 -5.101705647211076181e-03 -1.274203506594153573e-02 6.904196475624368480e-03 -1.010987814306079161e-02 5.360124427122460629e-03 -8.452621286394705266e-03 7.512069838164201797e-04 -6.933518904038111358e-03 1.439123204853521611e-02 1.195072134588238966e-02 -2.434259802878036005e-02 -9.112597726639505569e-03 1.651721591411103168e-02 1.291462182426652248e-02 2.250447426309987523e-02 -2.030632244573747202e-03 7.812775970922973198e-03 -2.518537696046780142e-02 2.394526836522972713e-02 -1.872390632295974078e-03 3.269530596352452495e-02 2.241447673690002279e-02 3.606926170789912477e-03 -2.671510897768578779e-02 -7.446627542262965367e-03 7.162050806575043400e-03 -3.085295014306470990e-02 4.228872353252192962e-03 2.696733874664263356e-02 -4.218784744196179409e-02 1.441439122301515705e-02 5.338094514411798747e-02 -1.408771272393152287e-02 5.665870665092601587e-03 -8.790330809975786808e-03 -4.467638162124648246e-03 9.902487359433347416e-03 1.459512296962969281e-02 -1.962212443761302341e-02 8.670327989918034939e-03 -2.071454847269117022e-02 -6.771655885808119252e-03 9.907366873084565498e-03 -2.598230138070516115e-02 2.425691932607467946e-02 1.187861814562019523e-02 2.252487638887368596e-02 -1.235334058445945217e-02 1.258746454374747026e-02 -4.918027881028382356e-03 1.157566027688828464e-02 -3.193038695046527750e-03 -9.180973735350152556e-03 -2.217549524465277713e-03 1.888339574023837134e-02 -1.567739655763156215e-02 1.153548333007830065e-02 2.527025886309151631e-04 3.613036660260948371e-03 -1.254617163773135390e-02 -4.479350385993394190e-02 -3.138327285367546737e-02 -3.393430425019244162e-02
8.518696332905846200e-03 1.071345483930686562e-03 -1.266259378338909121e-02 7.895331258235492242e-03 -7.845961191587232444e-03 9.022454607331724039e-03 -8.810454760341973959e-03 1.366021910588277773e-03 -1.470171833271844905e-03 8.000793502013077126e-04 6.499072673155408203e-04 -2.344231710157894388e-02 -1.110736397026068460e-02 1.313408122254122387e-02 2.070428112132748858e-03 2.459523041634428114e-02 5.237801100926138369e-03 -4.517138170126252898e-03 -2.288354608308548754e-02 8.709274328909367979e-03 -3.247333087656876366e-03 1.661658191575339158e-02 1.612597619271500388e-02 4.446377652242564267e-03 -1.556089677409918607e-03 -1.560160017057059430e-02 -2.035154199256027432e-03 -9.400325359277525439e-03 -1.220959415331659970e-02 6.405286031735477580e-03 -3.901843724101150546e-02 2.257929429733697077e-02 4.122393080175369012e-02 -6.661081651310682590e-03 2.333411719419410321e-02 -8.005497734795792228e-03 -2.612819413532075068e-03 9.354175840097055453e-03 1.328897652815372310e-02 -4.424788596264329389e-03 6.191354649438152169e-03 -1.617659945147529102e-02 -7.765291911727823133e-03 -3.918414429162134054e-03 -2.855982091249861798e-02 6.956366952930133525e-03 1.324869626465983649e-02 3.201664670277659663e-02 -2.150361179117902394e-02 9.331495742634161178e-03 -1.648415237668158020e-02 8.221627678621225635e-03 5.314457920287989556e-04 -2.376552154087240021e-02 -6.901614988238186088e-03 4.069493226855217666e-02 -3.639419560039246215e-02 6.392977330411373817e-03 -1.007875625425939774e-02 -9.240773734488779562e-03 2.585190592470438045e-02 -2.534763042885518000e-02 -3.216158535123825324e-02 -2.426778578864926053e-02
-6.381212301847394991e-04 -5.028476817618360642e-04 -1.076992946547179926e-02 1.157186244922824014e-02 3.544037037969824215e-03 4.316512556245383735e-03 -4.231897622117544201e-03 -4.027259321647920151e-03 -3.103599288323186361e-03 -3.315352439852327446e-03 -1.350953465789964461e-02 -2.037526285137202312e-02 -8.063230651944395394e-03 1.193384602649345295e-02 -6.560790996628978501e-03 2.157139567700046626e-02 -1.712704699666177388e-02 -8.795983346809130299e-03 -8.369060060076727661e-03 1.186590404912811307e-02 1.467624092197840346e-02 2.508623398883548170e-02 -6.592226195993679261e-03 -7.461710020280822465e-04 -1.299601264764784110e-02 -3.168630842839027101e-02 -3.902229910371208393e-02 8.394213330536868037e-03 -1.988475954342401944e-02 7.224149759133188624e-03 -1.324903619444748118e-02 3.735167918075191218e-02 3.976267898160839448e-02 -1.475405958613090242e-02 1.680026939115729454e-03 -1.366114021938633245e-02 2.229874479370337875e-03 -1.007191335624446366e-03 7.152422482951345008e-03 -1.319561084328924570e-02 3.568445299991452636e-03 -1.013031366062981838e-02 -6.923710721318901765e-03 -6.336245385835229983e-03 -2.307298792956215955e-02 1.593851448103161426e-03 2.417344082315671296e-03 2.451224824543016267e-02 -1.753474364803462790e-02 2.809465463705695595e-02 -1.390975072368391165e-02 -1.361995926716144320e-02 3.605165840344039599e-03 -2.563444687346639467e-02 -1.621358609286577962e-02 5.246631768599763213e-02 -3.534866480028790725e-02 -1.640410450509089367e-03 -1.349293376244553415e-02 -8.902187675260667468e-03 3.819810999934297041e-02 -2.707762066154802486e-02 -1.507714467555653498e-02 1.139043969800328411e-02
4.681760634590441915e-03 1.947990997320875545e-03 -1.062679384556169254e-02 1.200217195605902606e-02 -1.018737107697072859e-03 -6.125385945694717098e-04 -2.034103320781322291e-03 4.582399418133041233e-03 -1.762871719898118084e-02 2.879389638078154977e-03 -9.492583091742366058e-03 -1.300239091228230781e-02 -7.768543688544379648e-03 6.971821535951544004e-03 5.618504139332891438e-04 3.590300421577741208e-02 -3.895996512365807970e-04 -3.331837642596078165e-03 -1.406680540214563964e-02 1.885698114322854196e-02 2.681189444638799532e-02 4.084455170503936000e-02 -3.727419468405750863e-03 1.388601529915385168e-03 -3.726795690063443214e-03 -1.804088549257256910e-02 -3.288731785011581726e-02 1.226007108415682473e-02 -2.081559245977490993e-02 -4.446108308259367516e-03 -2.030221001651129342e-03 1.612632268406677047e-02 4.563400168374743410e-02 -5.989606241523636777e-03 3.337930216025684557e-03 -6.993853630895322492e-03 -6.616245337753775234e-03 -1.040944820804244088e-02 2.276078849540206367e-02 -2.263849558478211663e-02 -1.859230532767809380e-03 -1.202393156593820241e-02 -6.313123424305805247e-03 -6.718087140501012057e-03 -3.648294544942763673e-02 -1.085341635667110352e-02 4.006667630127714978e-03 2.979031672917176188e-02 -9.874722352780238022e-03 1.626487136179366119e-02 -1.080509510161783288e-02 -2.601961003307373677e-02 6.749068209625815398e-03 -4.072741984207049748e-02 -2.673111144797276489e-02 5.564369842985249920e-02 -4.600308790434536749e-02 2.054123890991794987e-02 -1.208508762760673004e-02 5.742386173733533133e-03 1.654097294115315295e-02 -2.501187767171182685e-02 -3.352243616230869694e-02 1.828082736212186454e-03
-4.052636401315728130e-03 1.137632832276171124e-03 -3.014163280715951611e-03 9.014907949883440089e-03 -4.083347026305130141e-03 -9.238155917779827678e-04 -1.618202250881047716e-03 4.820570938320925883e-03 -3.351369940537426290e-02 1.186151831886402518e-02 9.729329158165813882e-03 -1.151542555658919892e-03 -3.961917127814487856e-03 -6.107141764622505894e-03 -1.055698159500694823e-02 2.581897208289450282e-02 -3.453178744470917095e-03 -4.401849270817254252e-03 -9.918177766793016478e-03 -1.197406001813051263e-02 4.945550142756550277e-02 3.469190445250038696e-02 -1.960385649316331164e-02 -4.306289423487658606e-03 7.016007931737211142e-03 1.168319598802329464e-03 -2.124305070684827032e-02 2.577406052541672890e-02 -1.859293308253122737e-02 -1.638884763636937929e-03 -2.767532165637633882e-03 2.278637876050651837e-02 3.817005654350318078e-02 -1.211829474161003201e-02 9.282707668704500911e-03 -9.650946795193352662e-03 -1.045963893217000812e-04 -8.541534499690936130e-03 1.910948417040956790e-02 -1.986893945116798704e-02 1.111987234174894148e-03 -1.132112398535766937e-02 1.685111641336167591e-04 -5.251826239005607209e-03 -3.655187585151453006e-02 -1.713045020141065744e-02 9.975264930008031702e-03 2.278247305603724876e-02 -7.093592345482631345e-03 -7.392273254705733487e-03 9.928408931182099856e-03 -2.769610662120695552e-02 -3.034309260771862662e-03 -3.038555330198515481e-02 -3.370713033221386240e-02 4.442401971188982002e-02 -5.766001858066001351e-02 1.515635202667002523e-02 8.493601452010328401e-03 3.358979992313769567e-03 1.838208985354026007e-02 -1.626304662800620929e-02 -5.626168930108675637e-02 1.351078697077911714e-02
-5.120275013186345765e-04 -8.072389172686210077e-03 -1.067400443411942353e-02 1.252863560954384052e-02 -3.399814553910229884e-03 3.565885617652676375e-03 -1.994695458135230595e-03 4.185926162642923838e-03 -3.647261185789322374e-02 1.039889898169809451e-02 -2.141562675855964142e-03 4.554822133462478953e-03 1.653738021916842556e-03 4.374413898719601299e-04 -8.621261376648708605e-03 1.657345942965659721e-02 -2.773165968474796891e-02 -1.835049098663105865e-02 -1.045620377869955001e-02 -2.302929523931083328e-02 3.911726882616479301e-02 3.031033799317465680e-02 -3.649909681466476791e-03 5.683143380324135775e-03 2.587655174127242042e-03 8.672593897319835548e-04 -5.427343964432030515e-02 6.649064160671775900e-03 -1.428375657967216258e-02 -2.981946584288502856e-04 9.131854463131729160e-03 4.148412232267185973e-02 3.431858727170500334e-02 -2.100370169619419566e-02 2.272372740495673393e-02 -1.216009177688205829e-02 -2.054873228875753015e-03 -4.031236057580355088e-03 1.291898993817696545e-02 -1.790410770991291561e-02 -5.037008279477860929e-03 -5.075045167792287260e-03 7.830298139402256524e-03 -9.455155030296482147e-03 -3.778829659355117943e-02 -1.438499587203900809e-02 8.567085227959474539e-03 2.609689893034150207e-02 -1.763452167479088745e-03 -1.196489099541091401e-02 4.021434004390485317e-03 -2.743487094871240040e-02 1.522749562767156985e-02 -2.404926603860925438e-02 -4.091053770556513092e-02 6.333839542214746154e-02 -5.978625191448164178e-02 1.572620052014159914e-02 -1.539486365875247049e-03 -1.392749188041053285e-02 2.381752780890727950e-02 -1.057084424609069408e-02 -4.748015586587384790e-02 2.740330294963712679e-02
9.196456280133755157e-03 -1.314697290938355786e-02 -3.774902513028807922e-03 1.140161933198970655e-02 -8.059980536390452463e-03 4.325122474087561564e-03 2.540991272534061114e-03 5.192484405443221346e-03 -2.444130641472876120e-02 4.572737028287136851e-03 -6.534166802066148846e-03 1.199615091411503943e-02 8.769679107988518144e-03 3.356865628302321304e-03 -4.809419300344150265e-03 1.379843961835292530e-02 -2.504824355995382765e-02 -1.758246078676044266e-02 -1.865850598964582940e-02 -1.879896607122032159e-02 1.911566680162102641e-02 2.601987480027142391e-02 5.628519560154388382e-03 7.440506397874804660e-03 1.446053198131910279e-02 -9.443066970904755858e-03 -2.798190019711581725e-02 1.948630975330712528e-02 -1.732193914141786154e-02 1.403254232413736740e-03 4.910060297322905824e-03 3.179696881209650994e-02 3.171012419905493845e-02 -3.478510613029897613e-02 1.915775498877049163e-02 -1.791262792962272643e-02 -1.941659415137372705e-03 -1.626222766804348184e-03 1.002594767130279320e-03 -2.569901178060815874e-02 -6.499166870133701868e-03 -1.025708381984808022e-02 1.131821623266187141e-02 -1.309618810593640541e-02 -3.359992079507922308e-02 -9.402391649703280285e-03 1.236652350030255365e-02 3.086852134638603043e-02 1.897868731253386332e-04 -1.149962976646110805e-03 -8.974514218517985666e-04 -2.931981373165184687e-02 1.076559492563229636e-02 -9.922871036470522557e-03 -2.821739959954414068e-02 7.963637044171478774e-02 -4.756029594502717700e-02 2.430437993792914850e-02 -1.828726747377536904e-02 1.757761131868422044e-03 1.205983195744641037e-02 -9.877138655602456588e-03 -4.461557212667786876e-02 8.162994472301017546e-03
1.042395503315233715e-02 -1.278412033739783835e-02 -6.620829581815542743e-03 1.083620019646783228e-02 -6.291542708395237229e-03 8.708608080913563670e-03 1.577110678770732993e-02 4.854122752713949107e-03 -2.377274046445004840e-02 1.387127966769372391e-03 -5.863348026078326995e-03 1.207512082746521088e-02 1.101918183517024662e-02 -1.342519351059594766e-02 -1.073950992885194800e-02 -8.469015758848072364e-04 -4.703065998706510570e-02 -9.410588589725514194e-03 -5.727091351365834124e-03 6.827438201669450146e-03 1.543555763761544908e-02 1.078271548681599898e-02 3.486393645316738805e-03 1.393570153740449763e-02 1.343480727421159440e-02 6.845830324467385916e-03 -1.255319943838882797e-02 1.682413682984352718e-02 1.178962424891449520e-02 1.926555396781041117e-03 1.218204849708700611e-02 4.213227068480254398e-03 4.203510678223810332e-02 -3.750096742362341029e-02 2.006230478471122611e-02 -2.243182918501380671e-02 -1.515181290524949794e-03 2.670011348959880002e-03 2.369913702196672738e-03 -1.336726514956024583e-02 -7.865322320679969670e-03 -1.686203829507205293e-02 9.520689023606946841e-03 -1.873769847368086591e-02 -3.528672324654437420e-02 -9.577311373256205268e-03 1.871953221179986290e-02 4.597718426448303003e-02 -1.188293255808692966e-02 6.946494552957566126e-03 1.716122276818305911e-02 -4.239079231967528283e-03 3.960261794472776098e-02 -5.397460380071198230e-03 -2.379946559568730385e-02 6.447388174522226956e-02 -4.465771745107044964e-03 2.203091555204977903e-02 -1.185950781614460679e-02 -7.812569622191000221e-03 2.075563037790648796e-02 -3.648279972185138054e-02 -2.072880185493876024e-02 -3.799917892552915353e-04
5.213283626269227429e-03 -1.377651905927030490e-02 2.134175206336321167e-03 6.106462485011327976e-03 -4.797399599197498844e-03 1.294302769002324965e-02 1.071443479756231665e-02 8.458950996700430325e-03 -3.206687313144507973e-02 5.191783676240017270e-03 2.954068341013444277e-03 2.761136421047342623e-02 1.276334732489815826e-02 -1.821930082939184764e-02 -2.124891657357234898e-02 -9.538067743033071602e-03 -3.267470927964059857e-02 -1.159980043926707232e-03 -2.728692258681523000e-02 1.650393225276622008e-02 1.386849591106223065e-02 9.738102931437257401e-03 -1.901775831988099935e-02 1.017471946989173190e-02 7.350287554453111515e-03 1.009876008383736416e-02 -2.008756854134971861e-02 2.155531478348086949e-02 -6.196240262111927643e-04 1.018810933584045689e-02 2.641005174206473294e-02 -1.920789640665545195e-04 2.615170215024880535e-02 -2.437242713823973769e-02 1.429412091041613007e-02 -2.305778532166635753e-02 2.404479154588221729e-03 -1.946702177356960739e-03 -5.391466689846431855e-03 -1.940990963323052263e-03 -9.490550435982283636e-03 -2.033533747667100669e-03 1.471778184651830086e-02 1.310234151590540215e-03 -3.333025903506609683e-02 -5.895985385601457303e-03 1.153575935480008301e-02 3.160947337737723961e-02 -1.226504561214799421e-02 -1.573820830845396035e-03 7.691936192901810757e-03 -2.248364758239395494e-02 2.620070467876596185e-02 -3.003816644012581583e-02 -7.992562515272035040e-03 5.126164221163168055e-02 -7.462937315806024777e-03 8.933276395217213534e-03 -8.735473552123992902e-03 -2.497580526192954772e-02 6.288408549160320188e-03 -3.141371397975262908e-02 -3.717315671900909158e-03 -9.720948953016384647e-03
7.280915008905666785e-03 -5.976647616448276835e-03 5.958697719731755526e-04 6.415252338297228532e-03 9.470306539060335815e-03 1.371706791348308550e-02 5.384290410245053116e-03 7.458523649522842518e-03 -3.944610153253461787e-02 3.094059808488176452e-02 6.366463304979427286e-03 2.935646621563016076e-02 1.470960627456141707e-02 -3.475792375785522609e-02 -1.473318167969731550e-02 3.572822811421656232e-03 -4.525294050184212880e-02 3.939044984842998871e-03 -2.825466038772121366e-02 7.112956189962204960e-03 4.908025807405488926e-04 1.589621821090473480e-02 -1.544939763405340193e-02 8.642306037542304325e-04 7.200219266908418868e-03 4.296645581406956411e-03 2.137459884170560265e-02 2.999355904316745175e-02 3.301908710427034488e-02 2.231022513795273901e-02 2.143664678249360828e-02 2.246714224851928052e-02 2.922659205171895813e-02 -9.373871721552013217e-03 -7.970073592483835692e-03 -2.204344746842755096e-02 3.169565495388682388e-03 1.263413026347025812e-03 -4.257090766022329602e-03 -4.268584726912933239e-03 -1.238707816397414258e-02 -6.649285994279520266e-03 5.290303550213077896e-03 -1.227475817184441736e-02 -2.656679976376640287e-02 -2.076543650083412240e-02 9.554268746869270731e-03 3.593286113748455496e-02 -1.901443229201088894e-02 -1.613896018914509276e-02 1.517715072721326046e-02 -4.109208869199348912e-02 1.527193400732607641e-02 -3.898023514936829054e-02 4.536937208038826184e-03 2.364056301076518027e-02 1.339678434907155824e-02 2.906968138659362516e-02 -5.083746500397229827e-03 -6.407070244617704517e-03 -2.564734362129623101e-03 -2.505320748750369808e-02 -1.178493675515272440e-02 2.617120519771350649e-03
1.603893134446410240e-02 -6.426598241386474557e-03 -1.220509528788525991e-02 1.118397401462369739e-02 5.355891099605682854e-03 1.982468037565080984e-02 1.048949081757164122e-02 -1.179821977365786264e-04 -3.788364277645787925e-02 2.125785079231563846e-02 3.008738995452761231e-02 2.278712935173313192e-02 9.501181862804497155e-03 -1.369389645537427355e-02 -2.007788345155827117e-02 1.898829426366303169e-02 -4.644402329823827530e-02 1.550825396223102018e-02 -3.153992054705472697e-02 1.648878677791987355e-03 -1.926556391490923462e-02 1.330947976088549776e-02 -1.240157136241119146e-02 -2.111455459828158812e-02 1.956726754346623572e-03 1.088611654837569158e-02 2.145400677506991566e-02 1.569894595081173724e-02 2.256482944369881879e-02 2.369041798334958759e-02 2.490168436023998746e-02 5.320750603952248414e-03 3.129437440833163220e-02 4.746544705098268944e-03 -1.738090597087805014e-02 -1.177065162112100709e-02 6.732490922025990109e-03 -4.400363515079594987e-04 -3.268125705303016274e-03 1.208326120391186188e-03 -9.137327465570336399e-03 -4.473182432880674041e-03 1.737409623198304248e-02 -1.567226941923674163e-02 -2.060998613140947039e-02 -3.885251805734536018e-02 1.406900273360652681e-02 4.888929128099517990e-02 -6.176649114596402881e-03 -1.791149125053410895e-02 5.719645834988154771e-03 -3.299311006605676333e-02 1.903187587398396871e-02 -1.509265998735495086e-02 5.047668350424442014e-03 3.534770561348466594e-02 4.436241109916202498e-03 3.600889307811927509e-02 3.609048473402712981e-03 4.195555575956804069e-04 -3.995514167092478340e-04 -1.040494432014169197e-02 -8.264224136526802586e-03 -6.612054298766641657e-03
2.257122505510268662e-02 -5.352270872656677073e-03 -6.221946963812671934e-03 2.795683974991643173e-03 3.067955730027201264e-03 7.988706022486030331e-03 6.300834390852636663e-03 -3.314635453304710412e-03 -3.130494154885640756e-02 2.569497691878135440e-02 2.447998192178607244e-02 1.107915823624550967e-02 1.062228893366163468e-02 -1.659415690834294826e-02 -1.944313448443502068e-02 2.702380989640344386e-02 -5.351114422559515721e-02 1.816535262502885426e-02 -2.786611371127538719e-02 2.673092508601745965e-03 -3.108178132446579381e-02 1.030737834603000225e-02 -6.181887031087984243e-03 -4.430435673155528470e-02 -1.381057008577804383e-02 6.816480610253090877e-03 1.741082326770176242e-02 4.268218729613499490e-02 3.573301106969542507e-02 2.806694046733581097e-02 2.397913262901231121e-02 3.674145967815482458e-03 4.273484786420390230e-02 1.180606987443745537e-02 -7.396712094670542838e-03 -7.976955249029004866e-03 1.111009650420160914e-03 5.552341979837959466e-05 -3.026812543980259961e-03 -6.189448545549978628e-03 -8.673699843596812190e-03 9.111754465873961016e-06 7.902371876663774608e-03 -4.704684035382734712e-03 -1.748707891774230541e-02 -3.288454379776546699e-02 1.168112411441477386e-02 4.382793738587628662e-02 -7.109496458839367414e-03 -2.601214163335597782e-02 2.342775172286780047e-02 -3.188249138560687174e-02 2.529932088358955583e-02 1.811362262912212528e-02 3.009421956198746022e-03 2.306150359492464830e-02 2.396183038066612703e-02 3.207706670702496765e-02 -1.354958286682256350e-03 1.997110343027515972e-03 -1.425712784221858619e-02 -1.351191934753633375e-02 -1.838699370551843959e-02 2.415104662716485804e-03
1.890545595125759509e-02 -1.318197865750378797e-02 -7.585234521578341008e-03 4.920064304845797945e-03 -4.031553950363986512e-03 8.847771601030309657e-03 1.892464061850437917e-03 4.690089524958304841e-03 -1.899640484981993463e-02 2.436705206446575581e-02 2.038554489765929956e-02 1.447227611929528292e-02 2.798079451540528076e-02 -3.720118856400236179e-02 -2.079017169309359953e-02 1.772012851617829274e-02 -5.197512367813902218e-02 2.090698046168206620e-03 -9.773903566271627263e-03 1.806096536794671650e-02 -2.269983436376391689e-02 7.098520454186570280e-05 -1.457615878385788016e-02 -5.816712635380515140e-02 -3.687323641669107768e-03 -4.901552052509787960e-04 2.674736981123988083e-02 3.666397163057772551e-02 3.260950366347000612e-02 3.422549621998739744e-02 1.936659056968749459e-02 5.876717992528180355e-03 5.448047108927570742e-02 2.428601109399921437e-02 6.662335939252778984e-03 -2.667524795364777297e-04 7.687483883640840350e-03 -3.288628907463946038e-03 -7.279675083702798373e-03 -4.451919605785796888e-03 -5.012455357253304926e-03 -4.389809008793816095e-03 -5.711187877328209594e-03 -2.003146695594534149e-02 -2.686759790341106732e-03 -3.178933123902283331e-02 7.189516989225697846e-03 2.351386750771995021e-02 1.177610542381269006e-02 -1.797647204258475892e-02 1.146661714308769807e-02 -4.533574728983691404e-02 3.822001964281271369e-02 2.504706476232804527e-02 -3.724778757421622587e-03 1.442263923935300889e-02 3.581577963010523086e-02 1.551939472411463343e-02 -6.804327590266421449e-03 -2.000347484517312098e-03 -3.342055287492983612e-02 1.846986358643952844e-02 -1.261337040475447868e-02 3.578192161428613537e-03
1.967036065972453326e-02 -1.278688358648297392e-02 -1.416359163448188165e-02 9.157554533165454536e-03 -8.777358772115688088e-03 -6.511336800119203912e-04 -2.097856241519861775e-03 7.462312148910556220e-03 -1.177080948377624489e-02 2.798910138410040313e-02 4.099715049359727546e-03 1.398370718382664808e-02 2.283923657371014770e-02 -2.169039318065591956e-02 -2.948639241048645054e-02 1.743621503092501399e-02 -2.543021122267585463e-02 1.534375150457753696e-02 1.046118134856668762e-02 6.031028873918321299e-03 -1.066745657484312153e-02 -7.040145109200279501e-04 4.510795277099547036e-03 -4.531768872482715843e-02 4.522871127682451774e-03 -3.730939844217806729e-03 1.283224692599023962e-02 3.647339145476451161e-02 3.516010773736345102e-02 6.059919346574078446e-04 1.095529669018917296e-02 1.183242988498977698e-03 4.412582524608769929e-02 3.170326025662085351e-02 1.024887131343613783e-02 5.205089891570649323e-03 9.447825829479223128e-03 -1.265784493263797349e-02 -2.854443033062282857e-03 -2.314081344481802951e-04 -4.181492930493257293e-03 -4.819295814425702575e-03 -9.839593702716360139e-04 -1.744125435139158228e-02 2.302567999158622314e-03 -2.986020832688478233e-02 1.292927132808720583e-02 -1.746942191718097587e-03 9.950196166092552599e-03 -3.408403564614835568e-02 1.750507992762622561e-02 -2.937655255999141110e-02 3.131660762921378849e-02 6.707185359848610168e-03 3.197265369624661957e-02 2.693143509380268794e-02 4.189810754698228973e-02 2.551826378093934033e-02 -5.766656071193351774e-03 3.124423147248569718e-02 -3.209951638463261203e-02 2.210621281481255779e-02 -1.260860467283450061e-02 2.495567381116525416e-02
1.261953190852778232e-02 -1.303562951126462088e-02 -1.652322205231458729e-02 -3.387296604698359238e-03 -6.141251764403914647e-03 2.583918666331853995e-03 -6.783731296696239880e-05 1.420390796211300904e-02 -5.598605367663704591e-03 3.902803433148738232e-02 8.998070163282436557e-03 1.170932559443752657e-02 1.896056753946202475e-02 -2.178659737745799324e-02 -2.109430841657661260e-02 5.420644113676285035e-03 -1.624462526312145383e-02 2.777261375224416087e-02 9.406514437731383627e-03 -1.662325156485476574e-02 -4.152213533895893725e-03 -1.239327673940906691e-02 1.600461060319653336e-02 -4.965555376537403309e-02 8.977490889437433072e-04 5.390159894055158302e-03 4.523977336141147242e-03 3.021322350026352591e-02 4.314614624949100752e-02 -3.495130091531713570e-03 5.137928791568440942e-03 -6.135407615996595586e-03 4.297592518283963742e-02 3.638557204363688374e-02 -6.445609159793753463e-03 -8.443092544321375865e-04 8.254854935843387864e-03 -4.139284759327391781e-03 7.938522601821369588e-04 8.670605273155985310e-03 -9.915559826729807014e-03 -6.671318311753455382e-03 6.750556669747813203e-03 -1.366330552750802917e-02 -6.104738816906723001e-03 -2.222083327596840324e-02 1.075803854553816557e-03 -1.361957010837618227e-02 1.575122533075451817e-02 -2.396584179093555478e-02 1.620143352309437110e-02 -9.074187143580570228e-03 2.753745840463770259e-02 -1.463233945113056808e-03 1.886970656180620917e-02 -8.321238511424688955e-03 4.394587774539725211e-02 2.581943653888186738e-02 6.806916635316528214e-03 2.941576237143491909e-02 -5.549402661079783083e-02 2.604346374141596962e-02 -2.227655676122880513e-02 4.536796733971027590e-02
1.726364772552293689e-02 -1.601271419876811389e-02 -8.956164212866520383e-03 -3.312976439363966678e-03 -3.595689572126706257e-03 -5.008924399892329855e-03 1.134598334908795518e-02 1.616241784483937391e-02 2.485487694165009961e-03 1.290570905307495721e-02 1.746836173894423389e-02 1.385809697473893050e-02 1.335703797157700851e-02 -2.641125045483396633e-02 -1.717576201980870049e-02 -1.335071106091510534e-03 -7.444877250815276452e-03 1.953301042388385506e-02 6.314091021684540422e-03 -1.358116153867379439e-02 -5.393283421042855547e-03 -5.051461409552651487e-03 9.960060706609473805e-03 -5.353026644542342033e-02 6.025398287721398091e-04 1.188140368872393597e-02 3.260473277182048425e-03 1.508364127874340169e-02 3.793574940686317981e-02 -3.256572674776106631e-03 9.077960220596080834e-03 -2.507857168735417794e-02 4.110128096684336624e-02 4.254336249338167009e-02 8.026693889449756578e-03 -3.681012560348827234e-03 7.406660198012500300e-03 -7.878888527006662826e-03 -1.192674784903227604e-03 1.788336054124783914e-02 -3.342879717390545829e-03 -1.928249437383460982e-03 -8.723291412567628703e-03 -6.304701559916180489e-03 3.133156102882102447e-05 -1.194993148516491389e-02 -2.440122781751446861e-03 -2.901244524668257149e-02 1.304704847910261381e-02 -1.673532375371095116e-02 2.527010579084998723e-02 -4.068471068666302940e-04 2.262986195514707713e-02 -4.693998023158354148e-03 2.893769495568064218e-02 -7.276141985448401558e-03 4.195460982547184053e-02 4.437636461841228119e-02 -1.268817287636803039e-03 3.896832621847479833e-02 -1.090297282431327078e-02 2.905000857898066766e-02 -1.656941315619013012e-03 6.057796021100887024e-02
1.574616585318850542e-02 -1.976259013226483452e-02 -1.499474232463275311e-02 -4.297004543034894063e-03 6.040304697949964996e-03 -7.018314196024340312e-03 8.763074395121060040e-03 2.222794945332996416e-02 -4.637085817529699311e-03 2.890694054094856622e-02 1.456077992023092557e-02 1.512819964712461794e-02 2.284399422896085663e-03 -4.355635164684718008e-02 -2.693590496007225790e-02 -3.793436376177523450e-03 -4.671369439535398398e-03 2.352164003561677333e-02 6.182138884094445438e-03 -1.221551565100843610e-02 -7.296856118999287856e-03 -1.939446370203224204e-02 -2.241846712987038276e-02 -2.787768851340896928e-02 5.659746513588806253e-03 7.847022064516224332e-03 -2.662901429421759181e-04 8.568230945562180234e-03 1.768481327533639666e-02 1.255367711189189208e-03 1.107177426670388591e-02 -2.810032680384854514e-02 1.937604992180086763e-02 4.141665203027525277e-02 2.295296405055678376e-02 5.427564392476037954e-03 1.440807389587111381e-02 -6.943617040053600212e-03 1.233912597904474832e-03 8.446720186927140009e-03 1.803108635313164154e-03 -2.899010728120970243e-03 -2.571416216496323452e-03 2.234454284789418044e-02 7.366602737765850020e-03 -9.543648481427151678e-03 -8.410728477290558766e-03 -3.885076986244970221e-02 1.153317975201812763e-02 -3.148814140691624103e-02 1.614958338098931509e-02 1.489294394048404357e-02 3.886658610098520789e-02 1.488166654310785642e-03 3.624257410804827828e-02 1.296974921824907770e-02 4.095366267204924443e-02 3.820806269830451934e-02 7.452137724718897911e-03 2.470784649040281070e-02 2.239990575480368517e-03 3.669313973816426544e-02 3.960709216185647266e-03 4.298641558704958954e-02
9.849824440597758010e-03 -2.205503756493034165e-02 -1.289971541266307122e-02 -5.584953837989751297e-04 6.591950004880045219e-03 -1.139776449113021842e-03 1.108670816553769881e-02 2.071066801603969193e-02 -6.529230557874365209e-03 2.147611734415290352e-02 9.980561824335565293e-04 1.106584940212363213e-02 -2.044378455428284022e-04 -2.377822464388731211e-02 -1.703607216518968417e-02 -2.043524724332908618e-02 1.426270926544128889e-02 1.126597135599421463e-02 5.905858900170949007e-03 -1.772747393544692532e-02 6.801576793523347875e-03 -1.442792860678736647e-02 -1.436277436240998226e-02 -1.299177798336000056e-02 2.000871395652389223e-02 2.814857143041737345e-03 7.592773939917234031e-03 8.317893523329664140e-03 -5.206652546947221002e-03 8.845191251637875979e-03 1.258782819812315733e-02 -3.575825419131012373e-02 1.157510796081587245e-02 3.485472782129527686e-02 1.744702808511843645e-02 8.797297736368689045e-03 1.115178878681359100e-02 1.331067535516865024e-03 5.036640449073149541e-03 -2.107914131590209444e-03 1.564180537458886508e-02 -1.191252921418089854e-02 -4.879495688165001732e-03 2.487184314022791026e-02 -1.358694255795850781e-03 -1.193070921287683016e-02 -7.934129046290270063e-03 -3.527757860335347523e-02 1.906260327084061471e-02 -2.032216415938598031e-02 1.322530719055237287e-02 2.695255105183651939e-02 4.167155851340739736e-02 -1.570339617122353676e-02 3.517756403578434915e-02 1.548509904995067250e-02 2.760245650257544398e-02 2.617928402167836108e-02 -2.388521626594267144e-02 1.852568194810605764e-02 4.136554463041746191e-03 2.962188368339319436e-02 1.622577694458047365e-02 4.015527398010702159e-02
5.423771607046216220e-03 -1.898930282348930756e-02 -2.133329156436844856e-02 2.156090526337431368e-03 1.717703188694649210e-03 -1.910480455506977614e-03 5.740184476178504351e-03 9.950347574450504537e-03 -7.877140572181844146e-04 1.963457112199226001e-02 -1.718414002359973033e-02 8.317552293187140122e-03 5.758612399770541949e-03 -1.929422595766273202e-02 -1.696783454559825169e-02 -2.081479543044728944e-02 1.670882947909926516e-02 -5.914787362757733050e-03 1.532264688647437187e-02 -2.003755288322039974e-02 1.481427472801367939e-02 -5.863659384960645191e-03 -1.833981644314653520e-02 -1.493768389674294053e-02 3.220800682130853937e-02 -2.153151656238165654e-03 1.856201042551154298e-02 3.844676147714438247e-02 1.502609751047528659e-03 1.308012356472804290e-02 4.545750536446238436e-03 -4.198446452987195099e-02 9.194021107781506080e-03 2.262081456857951631e-02 2.372870292885912238e-02 1.772038049536115963e-03 1.163724890831847360e-02 -1.297378697039522962e-04 8.436607924762761640e-03 -7.854067881309625271e-03 1.361450129133403956e-02 -7.393848517636650297e-03 -7.820871301663260416e-03 1.181223870905595552e-02 4.632991258204553590e-03 -6.968217335289217038e-03 -1.047779047332641350e-02 -4.455057751340021910e-02 2.547142942427771395e-02 -1.071418084958974774e-02 2.050175583439862309e-02 4.231412113214161330e-02 3.050766887300859417e-02 -1.461516866398047780e-02 4.771460697625372338e-02 8.115586809165171653e-03 2.358630762871407466e-02 -6.034140737492131503e-04 -2.568196166502978092e-02 4.929338557061448307e-03 -1.333073373151170103e-02 3.503099159801821572e-02 2.574561235092354822e-02 5.150409817351585956e-02
1.175605623814818951e-02 -1.129535119212430987e-02 -2.254730082212099904e-02 -5.877739565475805818e-03 -8.336562614926422768e-03 -8.949718807871643884e-04 7.106704408367576879e-03 9.372863759966999428e-03 1.544354560236469581e-03 1.036337143296872480e-02 -1.644958435174521602e-02 1.198702876010901419e-02 6.517563253964896728e-04 -2.029483493525260918e-02 -1.053656707617432048e-02 -1.341949093695337866e-02 2.808326326131385664e-02 -6.835183761319560229e-03 6.156225895337719307e-03 -2.359546723771689669e-02 -3.000273828635957943e-03 -7.173350588390691850e-04 -3.203035804349643051e-02 1.023027396460263628e-03 1.997325121345466456e-02 -1.283475082126027227e-02 4.595671065045843669e-03 4.891320473674058700e-02 -5.364773140065785123e-03 -1.672928403287924932e-03 1.792466283991489898e-02 -4.897009280978428108e-02 2.474032243246032658e-02 1.333941874524250878e-02 2.296841494912385193e-02 3.974746344998003611e-03 1.160909796324220873e-02 -2.918839650579733210e-03 4.903054228725094860e-03 -5.744846408820925530e-03 1.066421763524818406e-02 -1.279556441435895572e-02 1.564056139134402000e-03 1.566525313672291128e-02 3.336365586043511453e-03 -3.589923103875489879e-03 -1.982490624128501605e-02 -4.108022925352284443e-02 1.514918870946087466e-02 -3.939903579364070416e-03 1.096978344026422469e-02 3.361216672903973024e-02 2.575224995410866149e-02 -1.692550289335493022e-02 3.965790399517354209e-02 -7.202958911922262720e-04 2.261447505677492351e-02 5.514241189641487864e-03 -2.412417702206873238e-02 -1.265859572292984958e-02 -1.976867253893831167e-02 2.407540947734387524e-02 3.072321087914485493e-02 6.233294371601359046e-02
1.891122504998824297e-02 -1.031301343621273715e-02 -2.236896111443547816e-02 -4.720153834730996499e-03 -1.190549911438853505e-02 -8.978870355692458087e-05 1.842946730638740302e-02 9.588393319079131782e-03 -4.138667398935548178e-03 3.877765817236362988e-02 1.400670122931160820e-03 9.966791652382053779e-03 4.083431300012427441e-03 -3.078377249431081542e-02 -6.286353194798295282e-03 -1.317853211597665684e-02 3.535119207968978605e-02 -2.713733178531195760e-03 -9.255791797470555929e-03 -1.035550771868494133e-02 -1.610942701442688585e-02 -1.566446003573832013e-02 -2.229828735543885540e-02 6.398257755733670164e-03 2.152679872251873818e-03 -1.556364669263478676e-02 4.838422949317836355e-03 1.990566196403761520e-02 4.226934216441807085e-03 -4.736477659572195693e-03 2.642771216053303382e-02 -5.338649368797463574e-02 2.787501011807517332e-02 1.510054422820447662e-02 2.163627524398290328e-02 1.182988666372893072e-02 6.503335814582446479e-03 4.493819065074560783e-03 8.167569696067765450e-03 -7.539168730995726361e-03 1.881522556703431326e-02 -1.971047189745974912e-02 -1.952643857086120826e-03 1.469704242431494647e-02 5.508690961727011511e-03 -1.167925523639390308e-03 -1.415058905737029762e-02 -4.736690744774176010e-02 2.937016813233517612e-02 -1.251616177864343796e-03 2.175685007324539705e-02 2.631383829336218436e-02 3.973869930939120249e-02 -2.290300668992420116e-02 3.594663172053864236e-02 -6.157084756607118271e-03 2.173836030477999809e-02 2.164239152152257553e-02 -1.610352417302432851e-02 -5.210829616312801296e-03 -3.001515096355204457e-02 2.734211612950118719e-02 6.878362837254985152e-02 5.025887260067575524e-02
2.007618575210284514e-02 -1.330175319085546634e-02 -1.612479540601969435e-02 -3.315962479267367102e-03 -7.247074712888061133e-03 -4.891500260497229705e-04 2.494971054200091631e-02 2.142604015316102329e-03 -2.283070610940938789e-03 5.062858330944482177e-02 1.464035788205653860e-02 -2.508528728331397249e-03 9.496092580930724780e-03 -6.145749728294525212e-03 -6.651655806341479071e-03 1.319152604736422048e-02 1.484398769362454615e-02 5.413917547213332668e-03 -1.035686521669546174e-02 -1.192447593882913978e-02 -2.093857436403637196e-02 -9.580700761567749121e-03 -1.020475506898058451e-02 3.820710363366379685e-03 9.893907479338118205e-04 -1.970646362052932976e-02 -2.690928685175728637e-03 1.648873780999803723e-02 -2.857540555585900630e-03 8.503526129658853933e-03 2.676789722165860350e-02 -5.698200753311652433e-02 9.938667115757297832e-03 1.548836666957911085e-02 1.351236171137826583e-02 5.640630277289862722e-03 -1.093867836307120664e-03 9.306960762083415009e-03 1.434610850169155266e-02 -8.557623058518318976e-03 2.258919928157129831e-02 -1.482510587406294343e-02 4.426511727809275681e-03 3.607489975511045388e-02 9.975321135782205893e-04 1.496297912168334304e-03 -1.134852052334376499e-02 -6.132847551876267206e-02 2.285903671459754011e-02 7.993024773035274297e-04 1.644972580309119956e-02 3.488728435233394432e-02 3.436934265146899398e-02 -7.750725412129908301e-03 2.445866181327952665e-02 5.414898185784171487e-03 9.979632749761744442e-03 1.915875289322895025e-02 -3.413739254726883693e-02 -5.991450389934620344e-04 -1.695205251906646213e-02 2.457888038643951320e-02 7.596634312354852425e-02 3.152905722371490693e-02
1.291788373575841059e-02 -1.816121884222974062e-02 -1.684362935295305105e-02 -1.124413653721943355e-04 -1.228863274521622799e-02 1.148524745743119326e-03 2.743676401166011969e-02 -4.856571718898235711e-03 3.297373731148007733e-03 3.528405143267223515e-02 1.763144200242890147e-02 -2.912048223626106762e-03 1.997353508951575651e-02 -1.890727926524430474e-02 -1.503735493216582647e-02 3.031852569345549250e-03 2.276988736393244922e-02 -6.274385964287088491e-04 -2.705298549905765099e-02 1.924414571133136950e-02 -2.025120750477315754e-02 -2.925126646412287961e-03 -1.705615974246105573e-02 -8.651051797686238123e-03 2.273455899797731730e-03 -3.613912117591552148e-02 1.191135774026447821e-03 1.899538468357529070e-02 3.321730375331320012e-03 1.050499994977386990e-02 1.430882397127554960e-02 -5.352693333778157231e-02 -6.385738725921254709e-03 1.137757249234038967e-02 3.417530951564363983e-02 1.027447858924192790e-02 -1.889881566872363876e-05 7.330258398997518271e-03 1.868870614741498237e-02 -3.922609133723694089e-03 1.679817789494810962e-02 -1.931554312004490556e-02 -1.036756905001012460e-02 3.011625591553438938e-02 1.111889867812093820e-02 -1.353472722304695577e-02 -1.034847577900757307e-02 -5.218430036383885084e-02 1.157125599138583531e-02 1.456306778496511620e-02 1.108260190508413359e-02 3.277537740976186470e-02 2.635972004748524458e-02 1.889665125811128277e-02 1.521888990615634027e-02 2.247537118164006156e-02 2.050112271403179559e-02 2.151050134228700908e-02 -4.053986025877814175e-02 -3.573768242153075106e-03 3.703731923462817537e-03 3.290360139818607893e-02 5.888382341403652215e-02 2.797892749080360328e-02
3.773459991882477903e-03 -1.676377781165397027e-02 -8.327501516111278021e-03 -1.300228565292761013e-03 -1.431387151538827777e-02 -1.009097697089110686e-02 2.367647196585060884e-02 4.571809728006318019e-03 2.782163344033554940e-03 2.260397119647197459e-02 1.885411100513040977e-02 5.027281591070170003e-03 2.196092854326948604e-02 4.507209692862377610e-05 -8.844166385279090409e-03 -2.450863371307396895e-03 3.673587902100617503e-02 1.749984378582343861e-02 -1.048972498578593093e-02 1.945083276439038208e-02 -2.291653532206770066e-02 1.315343824195396895e-03 -2.005938306735046556e-02 -1.701374656818932865e-02 -7.320965622175275300e-03 -3.396923558584510894e-02 3.042002470748085552e-02 2.328994313193352012e-02 2.370635611849656113e-02 7.806092705722168790e-03 2.854717872284129581e-03 -5.680511943842095346e-02 6.857434770469572616e-03 2.502960488976028672e-02 3.992060827209138046e-02 1.490286267610469936e-02 1.655788342118222692e-02 1.341724857011982949e-02 2.115188365811559654e-02 -7.756471745445091585e-05 2.580613826037301065e-02 -2.496676005583387328e-02 -1.024171707325724837e-02 2.192519567938184047e-02 -1.121075246932712148e-03 -1.372441664809929962e-02 -2.450643667231374064e-03 -4.635275314096378579e-02 2.188565145538989669e-03 2.490992214733677573e-02 -1.277614560280045802e-02 3.280422720648694390e-02 2.575844054129290336e-02 1.175502367162264625e-02 3.075922513833729416e-02 8.871986361399158971e-03 1.994557075483072497e-02 1.599083858882735867e-02 -3.796744083503197920e-02 4.083964387419001217e-03 -1.126650228687210188e-02 2.751124911452510619e-02 3.077378242450177007e-02 2.909083572987221714e-02
2.137158471784618430e-03 -1.211544094661456614e-02 -9.959286608285829179e-03 7.882988337107625296e-03 -1.227718205805497509e-02 -8.763185034868442927e-03 2.280475133827489231e-02 2.649722112275253085e-03 -3.765041701234877677e-03 3.162304335667309816e-03 2.700497738395313957e-02 -4.625346588562286487e-04 1.491390346938846348e-03 -2.256108674962236868e-02 -1.669077981413227482e-02 -1.507972203686514488e-02 1.919064148624024038e-02 1.162253421054785553e-02 -1.119715083896952873e-02 1.982499998931134752e-02 -4.519166444103047547e-02 -2.149638706152491455e-04 -6.396620149132109870e-03 -3.205119374035118179e-03 -9.017898133875485236e-03 -3.784355016354203766e-02 3.750689085987533866e-02 1.816210204984832280e-02 2.108073103632321713e-02 1.401114553614006379e-02 -3.139674828189185918e-03 -5.017409640072829219e-02 1.233575431061801134e-02 8.771291315901924915e-03 4.829479345803706913e-02 1.378717097614547485e-02 1.692125332359628587e-02 1.611245471279483532e-02 2.358260691875290610e-02 -1.533154471449600827e-02 2.428306966179942863e-02 -2.590574272461142191e-02 -1.505583678112502183e-02 2.267782943910783347e-02 -3.314859866110851302e-03 -1.492715515260336495e-02 6.217412872517268790e-03 -4.042245238485159958e-02 -7.750539341844243750e-03 2.007906131963889396e-02 -1.945936119061487946e-02 4.765250415155500296e-02 6.224582972821830242e-03 3.347481542161380701e-03 1.969053575425987884e-02 8.965960886387095916e-03 3.265185043409048193e-02 -1.062515359015958876e-03 -3.289056688534971323e-02 -1.753464301658494082e-02 -1.380033706362308529e-02 1.714634020142935880e-02 2.144818908817474820e-02 1.249280671866778887e-02
-1.076381279925821651e-04 -2.421947665195789325e-03 -4.458703219043735032e-03 1.297766016057468920e-02 -8.483636786623855591e-03 -1.325732687609781565e-02 1.751450979731447241e-02 -7.505910936923798280e-03 9.480096783051460835e-03 -2.602702606828225657e-02 6.653593068268604492e-03 -2.039817172954279563e-03 1.203676497991288058e-03 -2.703731186982709020e-02 -2.611588636053669907e-02 -1.283344583344099045e-02 1.889013211434672351e-02 -1.642193951916087746e-03 -1.097647917609370855e-03 7.178150768460633130e-03 -4.644454120060168001e-02 -1.422432206222867118e-02 -3.655263309026798250e-03 1.482849071102726284e-02 -8.472470147848114785e-04 -3.951700153707895374e-02 3.336034720646539886e-02 1.999675005783422416e-02 4.597417328534110850e-03 1.594150775235562935e-03 7.323982533509090787e-03 -4.187697616385731292e-02 5.241552188351238269e-03 1.885654884768636630e-02 4.576265015131095876e-02 1.676833985249304160e-02 1.931123841383644221e-02 3.854614811495801676e-03 1.602132147781498706e-02 -6.795123882981399938e-03 2.726607615948657345e-02 -2.476357595825563057e-02 -2.867600936570929154e-02 6.299386603989716449e-03 -7.825863936246280766e-03 -2.428306569643292820e-02 -1.777163989012690978e-03 -2.076523720223584502e-02 -1.243682907358314819e-02 2.035627632078087015e-02 -3.857765639992714185e-02 5.231194918147510226e-02 7.751343369097335109e-03 1.062525635127411702e-02 2.854776012287536455e-02 1.914515872802850099e-02 2.678007194101331492e-02 -2.751576258177561296e-03 -2.666976431417816817e-02 -1.799151675982236034e-03 3.065538097735092532e-02 3.697707020222866514e-02 1.040770952987670611e-02 2.952582848126325890e-02
-1.384106327686990962e-02 4.046524168306145190e-03 -8.126920959711538689e-03 1.040193553290840074e-02 5.634965477832248187e-03 -1.779877935201143804e-02 1.881388094498062311e-02 -1.424505986779472239e-02 3.977981462013733920e-03 -3.822643340091960718e-02 -9.385790670759624685e-03 3.027702542914691673e-03 -5.401919111130282745e-03 -3.475466034504078039e-02 -3.995110673450304184e-02 -2.073512848657698554e-02 1.629575270069815590e-02 -1.178565185207125325e-02 1.913786682345170256e-02 1.209810330748499127e-02 -2.679187149889012201e-02 -1.311936277717780375e-02 2.242797909638741000e-03 1.138772882999866502e-02 -4.739501310465049633e-03 -4.298367390563308937e-02 1.947620404680087264e-02 3.932543407093611054e-02 1.133955264123366787e-02 -2.752516469682420551e-03 1.769978576825880640e-04 -3.052012093073399462e-02 -3.747776658499138002e-03 2.034616752621429270e-02 2.420093111229972699e-02 1.527172750309194367e-02 1.985364098849430950e-02 6.236898499654474314e-03 1.232460771028112169e-02 2.124647326841120915e-03 2.391944176243314749e-02 -1.821802232591605841e-02 -2.713513349787115975e-02 1.152984993083955648e-02 -1.013003832419517511e-02 -3.491909545822170780e-02 -1.370448485893315492e-02 -2.753798682673845935e-02 -1.823084345237112325e-02 2.895934815800889003e-02 -2.211951139999247112e-02 5.070947617993259299e-02 1.036956996807310814e-02 1.625372939087719321e-02 2.783931364087670335e-02 3.772254557833784605e-02 2.549156397370577753e-02 -7.476906546743569866e-03 -2.896962375240749385e-02 4.162160603632025259e-03 3.710735202171493163e-02 3.374731324646655650e-02 1.872150229120633780e-02 4.268867547435802046e-02
-7.955319550378333812e-03 1.026481202090348717e-02 -6.349930963139330600e-03 1.343459746658999011e-02 7.504995151986897442e-03 -2.225710327571078090e-02 1.728950741804659991e-02 -1.739398883076055669e-02 -1.078949107532265438e-02 -1.795631887776079696e-02 -1.470104573136804364e-02 7.592218376574686768e-03 -2.173053223326144867e-02 -3.144145950587809435e-02 -4.587815083708088326e-02 -5.995245258674695987e-03 1.471130580766040127e-02 -1.404465463848022372e-02 1.516049056390927040e-02 4.017586646751277607e-03 -2.327975811032110751e-02 -6.984770951871068683e-04 -3.584582160614272536e-03 3.624955466797952913e-02 -4.348002458213338917e-03 -3.884217834126494490e-02 2.281464767737580862e-02 3.134429813689311450e-02 -2.603991627816814539e-03 -2.727187403989824940e-03 -7.447727928442590510e-03 -3.451775821123462956e-02 -2.908333619492140323e-02 1.735830097066494437e-02 3.535970925893090061e-02 2.069645178595245702e-02 2.005571672497455035e-02 -3.635459070841317360e-03 2.568701786984141019e-02 -2.214283767128507035e-03 2.164082588272974589e-02 -1.681463581844862623e-02 -2.277431404152705299e-02 8.905834223423194501e-03 -1.648384507379845043e-02 -3.472101966874262258e-02 -1.479897905971901649e-02 -1.425891313660288678e-02 -1.592987262385354985e-02 2.380125781579634642e-02 -3.483919474832813251e-02 3.988005411378462567e-02 9.221623940950593457e-03 -2.029906331379297425e-03 2.663799830161361210e-02 4.567401601974211550e-02 2.093019686955657419e-02 1.974033795969865751e-02 -2.873697724697065262e-02 8.891060266021939829e-03 5.181752298693338005e-02 2.509691095292442692e-02 3.305643569628334989e-03 3.705609470059677280e-02
-1.449840077513199661e-02 1.494478276340289319e-02 -3.081892895724513580e-04 1.279779102932072747e-02 7.044306038829831890e-03 -1.998172155288506502e-02 1.290618676690728946e-02 -1.705196693224647272e-02 -1.548205780774716996e-02 -7.885278654474688759e-03 -8.731180930696014891e-03 7.656941737768213282e-03 -2.473273050435707138e-02 -3.407293379674703609e-02 -5.349065606663720024e-02 -2.663697028154286221e-03 3.098016175696991989e-02 -1.578176967972299768e-02 8.707935569724437747e-03 -3.604763788977279754e-03 -8.804382164326624710e-03 -9.150524432689167639e-03 -1.100139682968901376e-02 3.015096603980250978e-02 -3.935922954924711906e-03 -3.238792568622178569e-02 4.892717997569974442e-02 3.497347891628456440e-02 -2.421432414655718020e-03 -2.628414770266864972e-02 -1.976834444024010151e-02 -2.690779795380277006e-02 -2.914351789125617723e-02 4.231684379842373146e-03 1.008223600588349644e-02 2.214898213128377660e-02 2.050067056042052457e-02 -3.086741710317856234e-03 2.079061802398206316e-02 4.396773803386118569e-03 3.024981793173212030e-02 -1.721596926993346557e-02 -2.321247710298912290e-02 -1.015892675394430671e-02 -1.175242711817622854e-02 -2.851054121847686890e-02 -9.331276344488461522e-03 -9.754054994540762094e-03 -1.957317909679920365e-02 4.779838228846301079e-03 -3.829178217811406854e-02 3.267936702663431364e-02 5.880117329310388663e-03 7.017760388584131509e-03 -1.808997173074865326e-03 3.839606475152818749e-02 2.281498149309318241e-02 2.414295718248759062e-02 -8.429548078173245904e-03 1.821036244346431378e-03 5.452988664505203226e-02 1.696956494933887435e-02 -1.943668584551139569e-02 3.278207676314347230e-02
-1.560705729562147752e-02 1.753529251603024725e-02 -7.008353425525933218e-03 1.247824054620272176e-02 -9.547132353205580076e-04 -2.070569843453103770e-02 3.992568818719702435e-03 -1.676739150483306379e-02 -1.418824064198099220e-02 -1.050233371357892423e-02 -2.393091504953132748e-02 6.810934568505830344e-03 -2.452721731117090895e-02 -2.105901437561106745e-02 -6.260573423277601690e-02 5.795166992677457628e-03 1.133050725508312690e-04 -3.053084664468305384e-02 1.973848454954464648e-02 -9.221833860007116329e-03 5.140509566712228931e-03 -4.961414550068743955e-03 6.107667213410613997e-06 2.604096412535725907e-02 -2.192301555885703412e-02 -3.220901186757355039e-02 2.247116703889926945e-02 1.529803573961661771e-02 1.202751141570272859e-02 -2.472978146363391874e-02 -3.390736506424298080e-02 -2.065849415568629666e-02 -4.518425118321395262e-02 -2.363631591388066361e-02 -6.001852484466764677e-03 2.176240259674908778e-02 2.465149917491603684e-02 3.718545733499908131e-03 1.846499700353847889e-02 1.824269514483118325e-03 1.605630940136208371e-02 -9.623500919460608455e-03 -2.394055184169010045e-02 -1.643882382893811084e-02 -2.053008992815405498e-02 -2.471873524817479531e-02 -5.530080608166404108e-03 1.470080704678173276e-02 -2.333578124817342267e-02 -5.681607930938168544e-03 -2.779673593959988698e-02 2.509056646076019900e-02 -4.226833401752802294e-04 1.373260859910359517e-02 -8.115933087400240345e-03 5.277305724330489528e-02 1.907646237578788061e-03 4.236296971230699843e-02 -9.562423779088061876e-03 -3.589090970774817813e-03 5.264422572291972691e-02 9.631418572784785845e-03 -2.450837327893314044e-02 3.440082570259401368e-02
-1.546834198021582521e-02 2.631892632276214977e-02 -1.100276105698449504e-02 1.142105354021667046e-02 -1.379839136814335447e-02 -1.334723781165959508e-02 -3.663811327679707586e-04 -1.573726246396618678e-02 -4.553174287368153689e-03 1.022314510823570111e-02 -2.773303850969610282e-02 8.974946847204083936e-03 -2.067599533638166120e-02 3.014753632345572830e-03 -6.086119007950485660e-02 1.029107240721091783e-02 -5.584908909645623989e-03 -2.672356852052064705e-02 9.588511923814295110e-03 -1.977478282664807407e-02 2.838214175695926919e-03 -3.755599872637489702e-03 4.083607081964058319e-03 4.768948396435172821e-02 -2.961923994345447286e-02 -4.500561941239564906e-02 4.276680689438060873e-02 8.135372890405272173e-03 2.089152753967770879e-02 -2.639714889013452734e-02 -3.523889816330238317e-02 -1.772257735173770818e-02 -4.367255364299333503e-02 -2.968056547943052556e-02 -3.073380033061684849e-02 2.533346607437978251e-02 1.912893345523151642e-02 -7.889687206425220062e-03 1.177927995950893252e-02 1.310267135110166053e-03 1.482186319595160673e-02 -1.005944537274611368e-02 -2.745798882445040640e-02 -2.082140333243662905e-02 -2.464603076499091022e-02 -1.574736341378821930e-02 -3.411048902965101853e-03 2.540725608698056817e-02 -3.282216746832411491e-02 2.256972919988529253e-03 -3.243120235905169735e-02 2.415880513448415839e-02 -3.756600443635292261e-03 2.798744987014820107e-02 6.703542132082422091e-03 6.342127551205606339e-02 1.807251895762077313e-03 5.056308553633172970e-02 -4.164755997389129466e-02 -7.156018725989279211e-03 4.885085389781744503e-02 1.214882294674114391e-02 -3.668450883111976785e-02 1.996897488371187843e-02
-1.218735656216841760e-02 2.546495053240676112e-02 -1.303471289264984852e-02 1.506965312028037303e-02 -2.160665434748827718e-02 -5.353671492141987703e-03 5.319216403705238384e-03 -1.620714591317368863e-02 -6.623257462254505089e-03 7.959491846376402086e-03 -3.747774225929248471e-02 -2.976760221428846782e-03 -1.905900953781963780e-02 1.811971051320461837e-02 -7.715209713765540378e-02 -9.409264623872752586e-03 -1.933014848217979448e-02 -1.154241313583372584e-02 -2.282964058999601819e-03 -1.441924838716852376e-02 2.619712766665546755e-03 -1.801377502431800864e-02 2.368549007203000090e-03 5.239587154562559690e-02 -3.973831969931958946e-02 -3.721787142541708310e-02 3.874953432347932186e-02 3.771213680845889038e-03 2.100249561786157390e-02 -4.239525506280741873e-02 -5.220507934217659407e-02 -3.903319148923600074e-02 -5.075904095127133780e-02 -5.320917406591098991e-02 -5.387022276917342867e-02 1.499049467765527048e-02 1.049563129684265642e-02 -2.426879546337723601e-03 3.256610887480085141e-03 6.270536365305688642e-03 3.703369837330962137e-03 -6.233431232171929466e-03 -3.564659703986416961e-02 -2.336852189938673496e-02 -3.073939510673593181e-02 -1.533987116953962511e-02 1.044722848471551932e-04 4.103095914659819765e-02 -4.494842773312381773e-02 1.848955423942317882e-03 -2.693150413656856743e-02 4.048767807727214618e-02 5.720234445649998063e-03 3.166202963719106506e-02 1.064566596811916156e-02 4.378027956024575090e-02 6.467973418950388395e-03 4.210546740142525474e-02 -5.117944064668127069e-02 -2.607264527771849943e-02 4.435062897874994525e-02 -2.264760762480181461e-02 -4.530304598802444710e-02 1.194822819814225778e-02
